[{"id": 0, "img_name": "0001", "width": 1064, "height": 1898, "position": [0.5439335875280575, 1.060638618812977, -2.4379777936168456], "rotation": [[0.9999379468375517, 0.0023984600760155366, -0.01087887234807842], [-0.0022278196300187353, 0.9998747270422528, 0.01567057886220717], [0.010915094777331479, -0.01564537028786185, 0.9998180249898267]], "fy": 1981.9581406553873, "fx": 1988.4700532237666}, {"id": 1, "img_name": "0002", "width": 1064, "height": 1898, "position": [0.5690649388888654, 1.1029828247171123, -2.373876219187047], "rotation": [[0.9999329883873109, 0.0027748077733539293, -0.011239180425756723], [-0.0026020266895444527, 0.9998786631316686, 0.015358661111371867], [0.011280434031041392, -0.015328387255285623, 0.9998188797738436]], "fy": 1981.9581406553873, "fx": 1988.4700532237666}, {"id": 2, "img_name": "0003", "width": 1064, "height": 1898, "position": [0.5282468837776, 1.122513819900421, -2.370199392325036], "rotation": [[0.99989633310888, 0.0026771791116617662, -0.014147641054946722], [-0.0025080713449296054, 0.9999253631826069, 0.011957325882505457], [0.014178597023128731, -0.01192060301057685, 0.9998284185850692]], "fy": 1981.9581406553873, "fx": 1988.4700532237666}, {"id": 3, "img_name": "0004", "width": 1064, "height": 1898, "position": [0.5727540875560526, 0.9940924334051031, -2.395195664472045], "rotation": [[0.9998905601516175, -0.0029612142524939357, -0.014494789747889644], [0.003093584139155876, 0.9999536416178485, 0.009118352503456308], [0.014467116397494807, -0.009162195444005296, 0.9998533676083645]], "fy": 1981.9581406553873, "fx": 1988.4700532237666}, {"id": 4, "img_name": "0005", "width": 1064, "height": 1898, "position": [0.8287629970619885, 0.9974086980931601, -2.323733063653034], "rotation": [[0.9990638248803139, 0.024347506992492354, -0.035758533509754525], [-0.023482374170586552, 0.9994260122015688, 0.024417703376492596], [0.036332518751529895, -0.02355514886644413, 0.9990621117042974]], "fy": 1981.9581406553873, "fx": 1988.4700532237666}, {"id": 5, "img_name": "0006", "width": 1064, "height": 1898, "position": [1.1820211684793793, 0.7595672693600984, -2.301397688035335], "rotation": [[0.9711958584278778, 0.2004945708539088, -0.1287654131770032], [-0.18976428885644908, 0.9776108762957189, 0.09092023549861042], [0.14411148201078064, -0.06386627910269688, 0.9874983438701215]], "fy": 1981.9581406553873, "fx": 1988.4700532237666}, {"id": 6, "img_name": "0007", "width": 1064, "height": 1898, "position": [1.575398661567094, 0.4460018965090046, -2.271860423083767], "rotation": [[0.9204540907133145, 0.343602329134949, -0.18628394000064474], [-0.33427543810719434, 0.9390422567542628, 0.08037145953698054], [0.20254431210816298, -0.011708093051363506, 0.9792031056883611]], "fy": 1981.9581406553873, "fx": 1988.4700532237666}, {"id": 7, "img_name": "0008", "width": 1064, "height": 1898, "position": [1.8128423634793078, 0.321303686180595, -2.1848722269660237], "rotation": [[0.858357322003975, 0.4601450315128614, -0.2269124450888317], [-0.45177585569589424, 0.8875026717941904, 0.09076113578187432], [0.24314868696418435, 0.024608078596285762, 0.9696768319885715]], "fy": 1981.9581406553873, "fx": 1988.4700532237666}, {"id": 8, "img_name": "0009", "width": 1064, "height": 1898, "position": [2.1293379186361165, 0.04992826373802886, -1.900913031268181], "rotation": [[0.7233409386488966, 0.6298681072026234, -0.28292057896787465], [-0.6157193153187306, 0.773830612794476, 0.14857963334710084], [0.3125181774200766, 0.06672593372227786, 0.9475653215219115]], "fy": 1981.9581406553873, "fx": 1988.4700532237666}, {"id": 9, "img_name": "0010", "width": 1064, "height": 1898, "position": [2.3481343547459197, -0.17705037210586272, -1.686114627286068], "rotation": [[0.5336536734502413, 0.7795368837898019, -0.3279268266311069], [-0.7446397646464152, 0.6169343045303811, 0.25476201600895376], [0.4009056967921443, 0.10823266930506574, 0.9097034195685456]], "fy": 1981.9581406553873, "fx": 1988.4700532237666}, {"id": 10, "img_name": "0011", "width": 1064, "height": 1898, "position": [2.3380040569632645, -0.5811810828009843, -1.412783461369235], "rotation": [[0.35732062113297, 0.864290053780713, -0.35401225494166205], [-0.8206879499008065, 0.47149185520611403, 0.3227486938190575], [0.4458623807866723, 0.17520882800255402, 0.8777861949183364]], "fy": 1981.9581406553873, "fx": 1988.4700532237666}, {"id": 11, "img_name": "0012", "width": 1064, "height": 1898, "position": [2.49165223395785, -1.109517729836681, -1.2113357901788795], "rotation": [[0.1728871154961279, 0.9087421385857822, -0.37986546415009514], [-0.8794257712168937, 0.31609690595756157, 0.35593968444615437], [0.443531687949125, 0.2725260934343632, 0.8538203383513447]], "fy": 1981.9581406553873, "fx": 1988.4700532237666}, {"id": 12, "img_name": "0013", "width": 1064, "height": 1898, "position": [2.4253029190438538, -1.4081634843518478, -1.2032371658114909], "rotation": [[-0.03457544350588791, 0.9082884616986623, -0.4169131912658184], [-0.8998955773677934, 0.15316813916887828, 0.4083227534407419], [0.43473266330039767, 0.3892962772601617, 0.8120689133140873]], "fy": 1981.9581406553873, "fx": 1988.4700532237666}, {"id": 13, "img_name": "0014", "width": 1064, "height": 1898, "position": [2.1431565008441096, -1.8538911479941211, -1.131637873155803], "rotation": [[-0.1971243455562318, 0.8784029146180061, -0.4353737612438525], [-0.8865057773296585, 0.02991976677926595, 0.4617491898390426], [0.4186281155753459, 0.47698336149856013, 0.7728113441865153]], "fy": 1981.9581406553873, "fx": 1988.4700532237666}, {"id": 14, "img_name": "0015", "width": 1064, "height": 1898, "position": [2.1721675670312157, -2.378378540334035, -0.5973484388807915], "rotation": [[-0.5360687994675041, 0.7286585199621475, -0.4262475847720917], [-0.7495585852670283, -0.1785857113047327, 0.6373923995234594], [0.3883196743534374, 0.6611837150175094, 0.6419064772267726]], "fy": 1981.9581406553873, "fx": 1988.4700532237666}, {"id": 15, "img_name": "0016", "width": 1064, "height": 1898, "position": [2.129956066619509, -2.82233021319126, -0.5503952494474539], "rotation": [[-0.8014501496532431, 0.49253509764057296, -0.339244506533245], [-0.5287972059889522, -0.3186157390330257, 0.7866749810301054], [0.27937639943107484, 0.8098723284769211, 0.515805815213728]], "fy": 1981.9581406553873, "fx": 1988.4700532237666}, {"id": 16, "img_name": "0017", "width": 1064, "height": 1898, "position": [1.9332882946708385, -2.828714652135934, -0.35485459850352646], "rotation": [[-0.8399084751604275, 0.4218091624190428, -0.3415124944318014], [-0.49603078194219175, -0.34125657739239984, 0.7984343503083036], [0.2202435395636006, 0.8400124873391888, 0.49585462022121574]], "fy": 1981.9581406553873, "fx": 1988.4700532237666}, {"id": 17, "img_name": "0018", "width": 1064, "height": 1898, "position": [1.181214850290351, -3.2089296464293464, -0.20647432411158861], "rotation": [[-0.9327747581739092, 0.2642890963176068, -0.24511736797140304], [-0.3368701002061993, -0.3971947302549742, 0.8536714132760589], [0.12825671951469325, 0.8788558583893613, 0.45952431282145245]], "fy": 1981.9581406553873, "fx": 1988.4700532237666}, {"id": 18, "img_name": "0019", "width": 1064, "height": 1898, "position": [0.7008121774232264, -3.4768554392049276, -0.2615549071125338], "rotation": [[-0.9997960720219545, -0.009201141201504679, -0.01797646711842611], [-0.01215173873574649, -0.43686088732497186, 0.8994469969772182], [-0.016129154198780558, 0.8994820199015807, 0.4366599893035817]], "fy": 1981.9581406553873, "fx": 1988.4700532237666}, {"id": 19, "img_name": "0020", "width": 1064, "height": 1898, "position": [0.08737696000441683, -3.5979585433208134, -0.19423599915749123], "rotation": [[-0.9737523547353574, -0.1924108614863133, 0.12159116756344061], [0.194434864717809, -0.4254656081459094, 0.883840539728292], [-0.11832765961309837, 0.8842833689870717, 0.451709517614319]], "fy": 1981.9581406553873, "fx": 1988.4700532237666}, {"id": 20, "img_name": "0021", "width": 1064, "height": 1898, "position": [-0.5961574362615013, -3.871432035937938, -0.07134688108806139], "rotation": [[-0.8631792664897077, -0.4188622577466214, 0.28191481503761406], [0.4342155583148328, -0.33092329506101476, 0.8378225478604034], [-0.2576400644690717, 0.845602851119462, 0.467522636199585]], "fy": 1981.9581406553873, "fx": 1988.4700532237666}, {"id": 21, "img_name": "0022", "width": 1064, "height": 1898, "position": [-1.106834877431923, -3.6172051243878176, -0.11708908525826339], "rotation": [[-0.722558306155962, -0.5700387872093671, 0.39110775405494197], [0.5814427709036617, -0.19509145020303229, 0.789850384706844], [-0.37394357645091186, 0.7981197323300254, 0.4724098797617906]], "fy": 1981.9581406553873, "fx": 1988.4700532237666}, {"id": 22, "img_name": "0023", "width": 1064, "height": 1898, "position": [-1.6512354350422274, -3.0740345245948375, -0.22094805023094638], "rotation": [[-0.6444509650155295, -0.6306665716367175, 0.4323686264179461], [0.6402436624391818, -0.1359064642520994, 0.7560538907253603], [-0.4180562239663644, 0.7640609323833285, 0.4913653276417692]], "fy": 1981.9581406553873, "fx": 1988.4700532237666}, {"id": 23, "img_name": "0024", "width": 1064, "height": 1898, "position": [-1.919905537825713, -2.569123441290069, -0.4795078431250633], "rotation": [[-0.5524096346091499, -0.6806946149849886, 0.48114284440426164], [0.7098733471317334, -0.08159224625379852, 0.6995874043915092], [-0.43694785343674025, 0.7280093038428133, 0.5282793076539412]], "fy": 1981.9581406553873, "fx": 1988.4700532237666}, {"id": 24, "img_name": "0025", "width": 1064, "height": 1898, "position": [-2.0743136845576817, -1.9651698404673446, -0.8171721736019694], "rotation": [[-0.42880986979475244, -0.7253014301182162, 0.5385721224080184], [0.7890048423124726, -0.010324101247619039, 0.6143002293186117], [-0.43999256172585194, 0.6883540138634328, 0.5766934170111736]], "fy": 1981.9581406553873, "fx": 1988.4700532237666}, {"id": 25, "img_name": "0026", "width": 1064, "height": 1898, "position": [-2.1972707992906106, -1.1507868830995118, -1.1525322421512092], "rotation": [[-0.20896254657450483, -0.7729054983479722, 0.5991258171307345], [0.8725899285363646, 0.1292256868422722, 0.4710494013126911], [-0.4414991174917562, 0.6212228364150947, 0.64742622496342]], "fy": 1981.9581406553873, "fx": 1988.4700532237666}, {"id": 26, "img_name": "0027", "width": 1064, "height": 1898, "position": [-2.2503124524461695, -0.7337213140760104, -1.5226016171421066], "rotation": [[0.023644422519393134, -0.7837425888416893, 0.620635557891627], [0.9043652429454427, 0.28137139271027367, 0.3208639068460509], [-0.42610380030686734, 0.5536945853085506, 0.7154424208586162]], "fy": 1981.9581406553873, "fx": 1988.4700532237666}, {"id": 27, "img_name": "0028", "width": 1064, "height": 1898, "position": [-2.1124972485993925, -0.10413248519278723, -1.8713104967694083], "rotation": [[0.1504299018640379, -0.7559517127458414, 0.6371089801767079], [0.8909353289018979, 0.38297748164938167, 0.24405427319341183], [-0.4284916385877826, 0.5309098384341039, 0.7311153528098222]], "fy": 1981.9581406553873, "fx": 1988.4700532237666}, {"id": 28, "img_name": "0029", "width": 1064, "height": 1898, "position": [-1.7473435142720444, 0.720045764679023, -2.592824828982622], "rotation": [[0.4183281995308118, -0.6916927515462995, 0.5886957235581202], [0.8360406009909696, 0.5465561272263211, 0.04808859829547975], [-0.35501778965562814, 0.4720567097814359, 0.8069230643489858]], "fy": 1981.9581406553873, "fx": 1988.4700532237666}, {"id": 29, "img_name": "0030", "width": 1064, "height": 1898, "position": [-1.5725356839268758, 1.142427800385386, -2.6177181171786694], "rotation": [[0.6593157873136983, -0.5702657800247982, 0.48999962523621027], [0.6949766700248395, 0.7109122073663666, -0.10775556384087887], [-0.28689740451963586, 0.4115832522712612, 0.8650370545414271]], "fy": 1981.9581406553873, "fx": 1988.4700532237666}, {"id": 30, "img_name": "0031", "width": 1064, "height": 1898, "position": [-1.6865269733511836, 1.402214100229606, -2.5503488911367236], "rotation": [[0.7924692903847841, -0.4041594353645146, 0.4567795689420373], [0.521006515634774, 0.8379450791323425, -0.16248155287294638], [-0.31708773937689333, 0.3667467725334864, 0.8746154414216127]], "fy": 1981.9581406553873, "fx": 1988.4700532237666}, {"id": 31, "img_name": "0032", "width": 1064, "height": 1898, "position": [-1.3950268387765499, 1.6616178720021104, -1.6341742377281914], "rotation": [[0.8266860021467087, -0.32498660102282523, 0.45931902095419785], [0.46201271832838053, 0.8579970038193583, -0.2244669007667376], [-0.32114560865363295, 0.3977748742600956, 0.8594420559001362]], "fy": 1981.9581406553873, "fx": 1988.4700532237666}, {"id": 32, "img_name": "0033", "width": 1064, "height": 1898, "position": [-1.3565268600689773, 1.9561753929687131, -1.1265763836434588], "rotation": [[0.829819988434904, -0.29283869592403255, 0.4750202995277231], [0.45892669032923056, 0.8424048720245233, -0.28238329357949793], [-0.31746665919014894, 0.4523267953138067, 0.8334358946816409]], "fy": 1981.9581406553873, "fx": 1988.4700532237666}, {"id": 33, "img_name": "0034", "width": 1064, "height": 1898, "position": [-1.3881284061945103, 2.469274515290388, -0.6021707800848], "rotation": [[0.8505074962119393, -0.19303282063286836, 0.48925998103852414], [0.4391544973176715, 0.7725432428907381, -0.4586068745118476], [-0.2894483138195166, 0.604909305617281, 0.7418250505372933]], "fy": 1981.9581406553873, "fx": 1988.4700532237666}, {"id": 34, "img_name": "0035", "width": 1064, "height": 1898, "position": [-1.1941245006515318, 2.6454430836588787, -0.42193802766025645], "rotation": [[0.8552758667818335, -0.14914389677075354, 0.4962451911672475], [0.43620990212602545, 0.7241451307411055, -0.5341673435461498], [-0.27968573969329674, 0.6733275040275585, 0.6844018989835079]], "fy": 1981.9581406553873, "fx": 1988.4700532237666}, {"id": 35, "img_name": "0036", "width": 1064, "height": 1898, "position": [-1.2451274836837063, 2.7619873079923054, -0.41115362286498836], "rotation": [[0.8560046620635365, -0.13702419761123671, 0.49847807152821394], [0.43005975508324845, 0.7238394192182074, -0.5395415667430864], [-0.2868878275271135, 0.6762254538649405, 0.6785385103013154]], "fy": 1981.9581406553873, "fx": 1988.4700532237666}, {"id": 36, "img_name": "0037", "width": 1064, "height": 1898, "position": [-1.2289113411675414, 3.073689293728459, -0.9220877975618628], "rotation": [[0.8985192285412071, -0.11775762675028953, 0.42284315920191207], [0.3676316268483794, 0.7282210027871825, -0.5783953302374115], [-0.2398128080035091, 0.6751498444358629, 0.6976120015278566]], "fy": 1981.9581406553873, "fx": 1988.4700532237666}, {"id": 37, "img_name": "0038", "width": 1064, "height": 1898, "position": [-0.7046132838409944, 3.3956530350193463, -0.7963861468692158], "rotation": [[0.9408832052863367, -0.09168358849760962, 0.3260872791298522], [0.28565073451244855, 0.7321469539647216, -0.6183562853830132], [-0.1820506849275986, 0.6749481145987304, 0.7150542571840344]], "fy": 1981.9581406553873, "fx": 1988.4700532237666}, {"id": 38, "img_name": "0039", "width": 1064, "height": 1898, "position": [0.09728965712627785, 3.4137862609223193, -0.9310450538583471], "rotation": [[0.979004644000927, -0.04941141290584193, 0.197758487300208], [0.16690590748398962, 0.7512522166366407, -0.638562859118411], [-0.11701420884475544, 0.6581630643489365, 0.7437264656143775]], "fy": 1981.9581406553873, "fx": 1988.4700532237666}, {"id": 39, "img_name": "0040", "width": 1064, "height": 1898, "position": [0.9385192958819064, 3.4451189646047498, -1.053813663246383], "rotation": [[0.998846406555633, 0.033550397854717154, -0.03435443078686372], [-0.04783814882453651, 0.7573359576371115, -0.6512708797320215], [0.004167448612846333, 0.6521630302874195, 0.758067288766894]], "fy": 1981.9581406553873, "fx": 1988.4700532237666}, {"id": 40, "img_name": "0041", "width": 1064, "height": 1898, "position": [1.7346422711506997, 3.2984471392239683, -0.9773326881118394], "rotation": [[0.9693649954671419, 0.10850760450070536, -0.220357902804747], [-0.22745395768772197, 0.7351886235775243, -0.6385627493789293], [0.09271570899895996, 0.6691216537578976, 0.7373466008446208]], "fy": 1981.9581406553873, "fx": 1988.4700532237666}, {"id": 41, "img_name": "0042", "width": 1064, "height": 1898, "position": [2.6518814702729068, 2.8684332086571818, -0.7884896431309617], "rotation": [[0.9348189133298432, 0.15494540567069837, -0.3195395445674195], [-0.32959681526008217, 0.713540296742278, -0.6182444373347433], [0.13221020630504443, 0.6832658093205634, 0.718100477065914]], "fy": 1981.9581406553873, "fx": 1988.4700532237666}, {"id": 42, "img_name": "0043", "width": 1064, "height": 1898, "position": [3.1341114581092158, 2.5640424457401783, -0.6694351151545478], "rotation": [[0.8552269293468205, 0.20580032521540148, -0.4756397013089247], [-0.4758974494821644, 0.6752517561090094, -0.5635216796611019], [0.20520359864383203, 0.7082946364423026, 0.6754333357857659]], "fy": 1981.9581406553873, "fx": 1988.4700532237666}, {"id": 43, "img_name": "0044", "width": 1064, "height": 1898, "position": [3.4535915789048226, 2.52370325663483, -0.8513100216233224], "rotation": [[0.5936013392980227, 0.2280939257685435, -0.771758129863941], [-0.713148031489982, 0.5934641945893888, -0.3731221447761202], [0.3729039221643525, 0.771863595959715, 0.5149458748903426]], "fy": 1981.9581406553873, "fx": 1988.4700532237666}, {"id": 44, "img_name": "0045", "width": 1064, "height": 1898, "position": [3.856541753192439, 2.322878790391514, -0.804082661829688], "rotation": [[0.5553175116365662, 0.259778092769833, -0.7900239260849257], [-0.760384980038437, 0.5433254525254951, -0.35582598945258587], [0.3368043102481291, 0.7983187303044029, 0.499249498190482]], "fy": 1981.9581406553873, "fx": 1988.4700532237666}, {"id": 45, "img_name": "0046", "width": 1064, "height": 1898, "position": [4.020085640641846, 1.9183967042852097, -0.4680009949965715], "rotation": [[0.5893427257216104, 0.26798926818092, -0.7621396878387041], [-0.7452699095729282, 0.5444918201816903, -0.3848394725601696], [0.3118459772454701, 0.7948021199613678, 0.5206166311027077]], "fy": 1981.9581406553873, "fx": 1988.4700532237666}, {"id": 46, "img_name": "0047", "width": 1064, "height": 1898, "position": [4.098228058743818, 1.581175099020886, -0.27398678660634396], "rotation": [[0.5087377431116247, 0.2898792159123097, -0.8106515582639406], [-0.7881473859426061, 0.5357080279297718, -0.3030521520191395], [0.34642402740792594, 0.7930869744193629, 0.5010024393561504]], "fy": 1981.9581406553873, "fx": 1988.4700532237666}, {"id": 47, "img_name": "0048", "width": 1064, "height": 1898, "position": [4.115913962547825, 1.2613445163195396, -0.06150127623191693], "rotation": [[0.3887030124899105, 0.3015277053601902, -0.87062679201911], [-0.8262143033358201, 0.5322772544606856, -0.18452872228219583], [0.407774316313048, 0.7910511786755726, 0.45602427530934525]], "fy": 1981.9581406553873, "fx": 1988.4700532237666}, {"id": 48, "img_name": "0049", "width": 1064, "height": 1898, "position": [4.2468370549731755, 0.6368071006844715, 0.1855272072655118], "rotation": [[0.3263852385594854, 0.30428737173404086, -0.8949200363460734], [-0.8419268447626347, 0.523969438892632, -0.12890002007204962], [0.4296881009738368, 0.7955282663172506, 0.42720359709600736]], "fy": 1981.9581406553873, "fx": 1988.4700532237666}, {"id": 49, "img_name": "0050", "width": 1064, "height": 1898, "position": [4.326733881641064, 0.276964444670642, 0.3376139107236225], "rotation": [[0.36830790602277924, 0.30982810096373503, -0.8765590876913669], [-0.8411672444589054, 0.5126083283856044, -0.1722508882970667], [0.3959633230622852, 0.8007741563780154, 0.4494149499811396]], "fy": 1981.9581406553873, "fx": 1988.4700532237666}, {"id": 50, "img_name": "0051", "width": 1064, "height": 1898, "position": [4.218224353090016, 0.1357148291053935, 0.692943690490233], "rotation": [[0.19785591249630474, 0.2898775773454428, -0.9363888231085371], [-0.8688656732507709, 0.49409940958607124, -0.0306303002463314], [0.45379012741215413, 0.8196564912199698, 0.3496251659480882]], "fy": 1981.9581406553873, "fx": 1988.4700532237666}, {"id": 51, "img_name": "0052", "width": 1064, "height": 1898, "position": [3.815485173866838, -0.5794092106958445, 1.0264870940506425], "rotation": [[0.031054684043066334, 0.31297804694014214, -0.9492525210567099], [-0.874715451358055, 0.4680504340171243, 0.12570469510665036], [0.48364086443812804, 0.8264221278196245, 0.28830189193903083]], "fy": 1981.9581406553873, "fx": 1988.4700532237666}, {"id": 52, "img_name": "0053", "width": 1064, "height": 1898, "position": [3.488541521783093, -0.8262180098547683, 1.1606675575730603], "rotation": [[-0.20154824962107476, 0.33143463061884143, -0.9216991855813009], [-0.8481256847134974, 0.4116636596928102, 0.33349041098296034], [0.4899603310513439, 0.8489311614700419, 0.1981281329876783]], "fy": 1981.9581406553873, "fx": 1988.4700532237666}, {"id": 53, "img_name": "0054", "width": 1064, "height": 1898, "position": [3.7374351227763496, -1.1952180387588827, 1.3529020250544563], "rotation": [[-0.3618414429118593, 0.3186150715371699, -0.8761022807759539], [-0.8100181767182072, 0.3577348102379989, 0.4646464881284422], [0.46145565721700205, 0.8777871278011242, 0.12864071940516175]], "fy": 1981.9581406553873, "fx": 1988.4700532237666}, {"id": 54, "img_name": "0055", "width": 1064, "height": 1898, "position": [4.058012983810856, -1.8479233151783176, 1.5631633716166093], "rotation": [[-0.5291025327843029, 0.2765856151795422, -0.8022162472033272], [-0.7446988640107044, 0.301852127200498, 0.5952385196252848], [0.4067850928222442, 0.9123517363277653, 0.04626226839779407]], "fy": 1981.9581406553873, "fx": 1988.4700532237666}, {"id": 55, "img_name": "0056", "width": 1064, "height": 1898, "position": [3.8793744199015427, -2.39690265787573, 1.722496711374454], "rotation": [[-0.6309355478474626, 0.2171469533892146, -0.7448271847188475], [-0.7021848308607327, 0.24843962891410112, 0.6672437441401065], [0.3299345355847217, 0.9439941479791102, -0.004272096638409531]], "fy": 1981.9581406553873, "fx": 1988.4700532237666}, {"id": 56, "img_name": "0057", "width": 1064, "height": 1898, "position": [3.323826119465191, -2.6484432225359273, 2.10349876252472], "rotation": [[-0.7243139883519194, 0.1729219630565703, -0.6674333232394059], [-0.6336103415418608, 0.21475521400693492, 0.743248365721743], [0.27185875260682973, 0.961237844006101, -0.04598506150437031]], "fy": 1981.9581406553873, "fx": 1988.4700532237666}, {"id": 57, "img_name": "0058", "width": 1064, "height": 1898, "position": [2.6824850844899357, -2.914322391932891, 2.2654945277502603], "rotation": [[-0.8111984300400431, 0.1434115912561863, -0.5669128880118515], [-0.5380619158796113, 0.19661607700292863, 0.8196532760527102], [0.2290119686403562, 0.9699356853716369, -0.08233033743476054]], "fy": 1981.9581406553873, "fx": 1988.4700532237666}, {"id": 58, "img_name": "0059", "width": 1064, "height": 1898, "position": [2.2253757843298585, -3.285865052600095, 2.319773540493466], "rotation": [[-0.9409616395400463, 0.09492892110175863, -0.3249302892199552], [-0.30223954250663115, 0.19669730842578492, 0.9327172282119774], [0.15245475348276283, 0.9758579142459765, -0.1563933481449969]], "fy": 1981.9581406553873, "fx": 1988.4700532237666}, {"id": 59, "img_name": "0060", "width": 1064, "height": 1898, "position": [1.678028137607343, -3.865343513400859, 2.4632652478176227], "rotation": [[-0.9941960302267066, 0.008225105290673837, -0.10726882643346937], [-0.10327174761079333, 0.20649100315446636, 0.9729832535874778], [0.03015293728426883, 0.9784139273636793, -0.2044431146160498]], "fy": 1981.9581406553873, "fx": 1988.4700532237666}, {"id": 60, "img_name": "0061", "width": 1064, "height": 1898, "position": [1.3320163134812046, -3.93203771147049, 2.5434979368334942], "rotation": [[-0.9901559612877882, 0.00963986113049426, -0.13963611783360688], [-0.13537109853131235, 0.18763284850039075, 0.9728661674896785], [0.035578617295812534, 0.982191929940892, -0.18448082488514597]], "fy": 1981.9581406553873, "fx": 1988.4700532237666}, {"id": 61, "img_name": "0062", "width": 1064, "height": 1898, "position": [0.9282363189213474, -3.823497466998248, 2.602943219319375], "rotation": [[-0.9905052773280985, 0.015057216303109041, -0.13664763379725206], [-0.13193887808728974, 0.17510847404483215, 0.9756685680940826], [0.038619011306011114, 0.9844340011168304, -0.17145923542012673]], "fy": 1981.9581406553873, "fx": 1988.4700532237666}, {"id": 62, "img_name": "0063", "width": 1064, "height": 1898, "position": [0.4088770685070711, -3.8025215632707354, 2.531076480877472], "rotation": [[-0.995878363186779, -0.019531229171092793, 0.08857097054615692], [0.08617317995563463, 0.10086789423634973, 0.9911608602889131], [-0.028292557197180858, 0.9947080973830417, -0.09876908528407784]], "fy": 1981.9581406553873, "fx": 1988.4700532237666}, {"id": 63, "img_name": "0064", "width": 1064, "height": 1898, "position": [-0.09458012480769837, -3.964899188421592, 2.4279855940149053], "rotation": [[-0.9571757866550638, -0.0883394978118758, 0.27570028394545765], [0.266348126836637, 0.1045108827514252, 0.9581942134646466], [-0.11346007567367057, 0.9905925542385547, -0.07650622664372833]], "fy": 1981.9581406553873, "fx": 1988.4700532237666}, {"id": 64, "img_name": "0065", "width": 1064, "height": 1898, "position": [-0.611201470166729, -3.9032182452972197, 2.3049573743748812], "rotation": [[-0.9400776448220066, -0.11808198556086254, 0.31986038578090986], [0.3032707309474115, 0.1391499653134241, 0.9426898487328138], [-0.15582325069299185, 0.9832059457912553, -0.09500096159614269]], "fy": 1981.9581406553873, "fx": 1988.4700532237666}, {"id": 65, "img_name": "0066", "width": 1064, "height": 1898, "position": [-1.036112413325556, -3.72015644787157, 2.3981134991660165], "rotation": [[-0.9225749087745989, -0.13497542013671424, 0.36143764836892295], [0.33881725519672373, 0.1646685796412575, 0.9263299231158889], [-0.18454919474356404, 0.9770700562589402, -0.10618709847082947]], "fy": 1981.9581406553873, "fx": 1988.4700532237666}, {"id": 66, "img_name": "0067", "width": 1064, "height": 1898, "position": [-1.39125453159966, -3.444889476002, 2.2410697608445993], "rotation": [[-0.8939082346453273, -0.14034526635054223, 0.4257126662976684], [0.40087099560531136, 0.17466909767058258, 0.8993292785189143], [-0.20057545441972954, 0.9745737081062364, -0.09987779809536826]], "fy": 1981.9581406553873, "fx": 1988.4700532237666}, {"id": 67, "img_name": "0068", "width": 1064, "height": 1898, "position": [-1.918558028777169, -3.1538426460624644, 2.0710508021152196], "rotation": [[-0.8136103445243708, -0.1590744411026475, 0.5592258304753226], [0.5370846364161518, 0.16272210716383378, 0.8276844864837635], [-0.2226618526121258, 0.9737642620408913, -0.046955951308579935]], "fy": 1981.9581406553873, "fx": 1988.4700532237666}, {"id": 68, "img_name": "0069", "width": 1064, "height": 1898, "position": [-2.3732546666316887, -2.8965191838085227, 1.9186249054525881], "rotation": [[-0.62610907291631, -0.22542858087855913, 0.7464377962931388], [0.7170826637905874, 0.20950149408413823, 0.6647567805351886], [-0.3062350112297315, 0.951467854895578, 0.030480141035327677]], "fy": 1981.9581406553873, "fx": 1988.4700532237666}, {"id": 69, "img_name": "0070", "width": 1064, "height": 1898, "position": [-2.839556352640231, -2.4246833729388872, 1.7640566850790578], "rotation": [[-0.5244900683836654, -0.2801597712144264, 0.8040029046962314], [0.7592084583510499, 0.2735269926979723, 0.590580647358026], [-0.385373435689487, 0.9201594899030728, 0.06923747689075006]], "fy": 1981.9581406553873, "fx": 1988.4700532237666}, {"id": 70, "img_name": "0071", "width": 1064, "height": 1898, "position": [-2.9522372791489544, -1.8847679100332622, 1.5934010994154322], "rotation": [[-0.5157924351668562, -0.28326909797423966, 0.8085275393933743], [0.7630390890389457, 0.2772028695596556, 0.5838920428525366], [-0.3895247263310251, 0.918105215779081, 0.07316625134573262]], "fy": 1981.9581406553873, "fx": 1988.4700532237666}, {"id": 71, "img_name": "0072", "width": 1064, "height": 1898, "position": [-3.032188474272114, -1.4229149087261217, 1.3198710038501469], "rotation": [[-0.39687567725707296, -0.29727827823942665, 0.8683981357008671], [0.8277477527759143, 0.29291959825797265, 0.47857263474922146], [-0.3966400819082248, 0.9087484438739853, 0.1298187628212759]], "fy": 1981.9581406553873, "fx": 1988.4700532237666}, {"id": 72, "img_name": "0073", "width": 1064, "height": 1898, "position": [-2.9631581651139336, -0.8478290567121325, 1.1520444522779711], "rotation": [[-0.30383531277811787, -0.3069796343682773, 0.9019133033679796], [0.865556370405922, 0.3066424773975293, 0.3959577764171726], [-0.3981159031723662, 0.9009627601286438, 0.17253936508120823]], "fy": 1981.9581406553873, "fx": 1988.4700532237666}, {"id": 73, "img_name": "0074", "width": 1064, "height": 1898, "position": [-3.1508183838823687, -0.614824013261773, 1.0839295242059783], "rotation": [[-0.21158353454396087, -0.2967738204060241, 0.9312130301018648], [0.8891254654611667, 0.33716686336812585, 0.30947441399082254], [-0.4058180806449457, 0.8934449091959237, 0.19253020452266636]], "fy": 1981.9581406553873, "fx": 1988.4700532237666}, {"id": 74, "img_name": "0075", "width": 1064, "height": 1898, "position": [-3.2490921197308853, -0.4166013894668632, 1.066114243057897], "rotation": [[-0.10920453200624713, -0.25339205742838095, 0.9611799183407385], [0.9070365945629881, 0.3701730537851543, 0.20064029100594702], [-0.40664356175018224, 0.8937361889750159, 0.18941129375921667]], "fy": 1981.9581406553873, "fx": 1988.4700532237666}, {"id": 75, "img_name": "0076", "width": 1064, "height": 1898, "position": [-3.4457550207771304, -0.08566285815590784, 1.0056604990364502], "rotation": [[-0.0367822650040831, -0.23003303672043374, 0.9724874636715605], [0.9141845998836747, 0.38530703967834096, 0.1257179482406502], [-0.40362554715564625, 0.8936572537564325, 0.1961201939929089]], "fy": 1981.9581406553873, "fx": 1988.4700532237666}, {"id": 76, "img_name": "0077", "width": 1064, "height": 1898, "position": [-3.5294828550671853, 0.43762812536216816, 0.9458259815198222], "rotation": [[0.00756847263888253, -0.23097082578911787, 0.9729312390175411], [0.9119305719729551, 0.4007861969821462, 0.08805144070182745], [-0.41027472518179037, 0.8865793263678561, 0.21366269663683718]], "fy": 1981.9581406553873, "fx": 1988.4700532237666}, {"id": 77, "img_name": "0078", "width": 1064, "height": 1898, "position": [-3.3825856911293095, 0.7336152262484645, 0.9414744849548158], "rotation": [[0.0919624055256465, -0.22756658216112755, 0.9694103190359794], [0.9101258307930115, 0.4141887867815636, 0.01089132809839589], [-0.40399738624558823, 0.8812837792606415, 0.24520402182430404]], "fy": 1981.9581406553873, "fx": 1988.4700532237666}, {"id": 78, "img_name": "0079", "width": 1064, "height": 1898, "position": [-3.203804847787838, 1.0352769830693391, 0.7892123628746442], "rotation": [[0.22529778548008164, -0.22102029226371836, 0.9488893182376076], [0.9017499948445202, 0.41606833538213356, -0.11719252147747508], [-0.3689008737529353, 0.8820641533924849, 0.29304432197932095]], "fy": 1981.9581406553873, "fx": 1988.4700532237666}, {"id": 79, "img_name": "0080", "width": 1064, "height": 1898, "position": [-3.1815303930542025, 1.390340447014912, 0.6840377305733255], "rotation": [[0.307519441056812, -0.2124110615622259, 0.9275307726960405], [0.8787498865548545, 0.43731183687980835, -0.19119883421359574], [-0.3650074386254835, 0.8738649199108611, 0.3211380878956087]], "fy": 1981.9581406553873, "fx": 1988.4700532237666}, {"id": 80, "img_name": "0081", "width": 1064, "height": 1898, "position": [-3.211545030357701, 1.7745102767531935, 0.45214947763124247], "rotation": [[0.464647876329093, -0.17274857965833496, 0.8684815940760586], [0.8114703785373709, 0.47563616494403654, -0.33953801459298394], [-0.3544265449698709, 0.8625127053112652, 0.3611836892737031]], "fy": 1981.9581406553873, "fx": 1988.4700532237666}, {"id": 81, "img_name": "0082", "width": 1064, "height": 1898, "position": [-2.9735476759241366, 2.300635115581556, 0.2638942641011032], "rotation": [[0.5792202645994695, -0.14595969292892405, 0.8019972899688718], [0.7405581389895315, 0.5054155035944903, -0.4428643262927027], [-0.3407015231161761, 0.8504416127909206, 0.4008385402876023]], "fy": 1981.9581406553873, "fx": 1988.4700532237666}, {"id": 82, "img_name": "0083", "width": 1064, "height": 1898, "position": [-2.6160575844508736, 2.6441805051777116, 0.14422616618973644], "rotation": [[0.671095346494876, -0.1308552455212824, 0.7297314167777671], [0.6696464297937151, 0.529360686309663, -0.5209135464300128], [-0.3181268535937404, 0.8382446948888654, 0.44287824118285557]], "fy": 1981.9581406553873, "fx": 1988.4700532237666}, {"id": 83, "img_name": "0084", "width": 1064, "height": 1898, "position": [-2.380283400901379, 2.9396327380025995, 0.05786631170217265], "rotation": [[0.7425481831721844, -0.1316199828356151, 0.6567331084893167], [0.6061938180530458, 0.5490807250927884, -0.5753602456599243], [-0.28487058574370044, 0.8253402555612623, 0.48750611475971345]], "fy": 1981.9581406553873, "fx": 1988.4700532237666}, {"id": 84, "img_name": "0085", "width": 1064, "height": 1898, "position": [-2.0431879600681464, 3.259413564993201, -0.13257034224614683], "rotation": [[0.845851631808667, -0.11093265396381112, 0.5217556547380781], [0.48192117665502027, 0.5782289187649603, -0.6583337276756718], [-0.22866350049375167, 0.8082977568869347, 0.542556669624007]], "fy": 1981.9581406553873, "fx": 1988.4700532237666}, {"id": 85, "img_name": "0086", "width": 1064, "height": 1898, "position": [-1.6616159891074327, 3.4052443683277405, -0.14892764395559777], "rotation": [[0.8827231147245334, -0.08517905726119272, 0.462108678705684], [0.41765310876582823, 0.5928792683222781, -0.6885201913755903], [-0.21532715450973178, 0.800773814130891, 0.5589235324559233]], "fy": 1981.9581406553873, "fx": 1988.4700532237666}, {"id": 86, "img_name": "0087", "width": 1064, "height": 1898, "position": [-1.2036303723828092, 3.361903507737035, -0.023509582930589964], "rotation": [[0.8794854231633101, -0.07071774803840028, 0.4706425294803166], [0.41557877616852795, 0.596062653122631, -0.687025177377568], [-0.23194756140455947, 0.7998176752640489, 0.553617209896595]], "fy": 1981.9581406553873, "fx": 1988.4700532237666}, {"id": 87, "img_name": "0088", "width": 1064, "height": 1898, "position": [-0.9869556704726105, 3.0511227697864625, 0.19067910074465894], "rotation": [[0.8994823665739358, -0.06925966134536071, 0.4314331599829546], [0.3950594318920371, 0.5507890157662744, -0.7352275194688781], [-0.18670703654574106, 0.8317659282644033, 0.5227866898485105]], "fy": 1981.9581406553873, "fx": 1988.4700532237666}, {"id": 88, "img_name": "0089", "width": 1064, "height": 1898, "position": [-0.8825209339289268, 2.9646277841107986, 0.3470990946520787], "rotation": [[0.8741266469198153, -0.08051917024657712, 0.478977315086553], [0.45963244100593603, 0.4558551136474781, -0.7621903532165502], [-0.15697332359240235, 0.8864044102915146, 0.43548432474212817]], "fy": 1981.9581406553873, "fx": 1988.4700532237666}, {"id": 89, "img_name": "0090", "width": 1064, "height": 1898, "position": [-0.6623496431047514, 2.6569444417684154, 0.46285040895620116], "rotation": [[0.8539537180993354, -0.09838480567152279, 0.5109632837663559], [0.49531379281557325, 0.45461228340958854, -0.7402647623788201], [-0.15945938037936838, 0.8852390082831282, 0.4369492009638321]], "fy": 1981.9581406553873, "fx": 1988.4700532237666}, {"id": 90, "img_name": "0091", "width": 1064, "height": 1898, "position": [-0.7281853354283712, 2.4602688521675606, 0.6175012742601316], "rotation": [[0.7850053808966337, -0.2730219993308468, 0.556080515613268], [0.6173436941417, 0.4194094166732761, -0.665569308569184], [-0.05151034135792748, 0.8657682883353773, 0.49778705853609784]], "fy": 1981.9581406553873, "fx": 1988.4700532237666}, {"id": 91, "img_name": "0092", "width": 1064, "height": 1898, "position": [-0.7234606588745716, 2.5171907886825675, 0.7817308549139353], "rotation": [[0.8059589988211906, -0.3605539560215923, 0.4695007316462071], [0.5907332542437365, 0.4385927513268253, -0.677252257887835], [0.038266363163347264, 0.8231872467918495, 0.5664789865206877]], "fy": 1981.9581406553873, "fx": 1988.4700532237666}, {"id": 92, "img_name": "0093", "width": 1064, "height": 1898, "position": [-0.38361674305215865, 2.615329979545673, 0.7936328839873138], "rotation": [[0.7920309077608262, -0.40965967802804915, 0.45262124270687615], [0.6103922776519561, 0.5187711766979479, -0.5985797637828093], [0.010407138627837926, 0.7503701849256682, 0.6609359099339356]], "fy": 1981.9581406553873, "fx": 1988.4700532237666}, {"id": 93, "img_name": "0094", "width": 1064, "height": 1898, "position": [-0.009426264797104605, 2.7489615446071483, 0.640940999417242], "rotation": [[0.8767732359337642, -0.36198196015943623, 0.3166034637671674], [0.4808872707543777, 0.6544368294010655, -0.58348939077749], [0.004015666400690937, 0.6638384568873764, 0.7478652135115964]], "fy": 1981.9581406553873, "fx": 1988.4700532237666}, {"id": 94, "img_name": "0095", "width": 1064, "height": 1898, "position": [0.5138701916753102, 2.701829613968075, 0.23024075213227263], "rotation": [[0.9521743774510996, -0.22905282863420023, 0.20223441007969628], [0.3038339543189848, 0.7799081215444028, -0.5472003747732361], [-0.032386465205392116, 0.5824758567045957, 0.812202556772476]], "fy": 1981.9581406553873, "fx": 1988.4700532237666}, {"id": 95, "img_name": "0096", "width": 1064, "height": 1898, "position": [0.2698462165543715, 2.163467327441096, -0.1563198625694841], "rotation": [[0.9528061916669348, -0.18811355682882455, 0.23827222007267446], [0.29064228279989024, 0.7919317165445396, -0.537002066829996], [-0.08767795943121068, 0.5809108761832812, 0.8092311964833976]], "fy": 1981.9581406553873, "fx": 1988.4700532237666}, {"id": 96, "img_name": "0097", "width": 1064, "height": 1898, "position": [-0.06967526433604752, 1.5525959447991309, -0.10982832396958038], "rotation": [[0.9251262011194228, -0.21944876300115707, 0.30981244716700324], [0.3538657674917083, 0.794055404459992, -0.49422164384553485], [-0.13755191965163355, 0.5668494112770519, 0.8122568647509298]], "fy": 1981.9581406553873, "fx": 1988.4700532237666}, {"id": 97, "img_name": "0098", "width": 1064, "height": 1898, "position": [-0.3612750454288793, 1.1862227908189213, 0.038927385387546344], "rotation": [[0.8693951294183739, -0.3190197501940492, 0.37733076727154774], [0.441323594113287, 0.844787644543022, -0.3026009268101856], [-0.22222869801746883, 0.42960474230806495, 0.875245206307285]], "fy": 1981.9581406553873, "fx": 1988.4700532237666}, {"id": 98, "img_name": "0099", "width": 1064, "height": 1898, "position": [-0.3768832183502696, 0.3518647056292982, 0.403028162032413], "rotation": [[0.7473092704706191, -0.5053197410513187, 0.4314867478526998], [0.5688254111054715, 0.8221549658405893, -0.02233525966606851], [-0.3434625248107317, 0.2621319733406963, 0.9018427371793545]], "fy": 1981.9581406553873, "fx": 1988.4700532237666}, {"id": 99, "img_name": "0103", "width": 1064, "height": 1898, "position": [0.08784175615262198, -1.8322986773822019, 0.5611873971355551], "rotation": [[-0.2945790990657303, -0.9418485535308329, 0.16169247541397838], [0.6480293613742494, -0.07252551801014351, 0.7581543352340883], [-0.7023397334556151, 0.3281178926075776, 0.6317100184105501]], "fy": 1981.9581406553873, "fx": 1988.4700532237666}, {"id": 100, "img_name": "0104", "width": 1064, "height": 1898, "position": [0.03938280507891849, -2.2640304187172955, 0.9853118790041876], "rotation": [[-0.53666764129521, -0.8383992970161841, 0.09525996824166802], [0.4841140699726507, -0.21347109916925544, 0.8485656468853691], [-0.6911015916933998, 0.5015144151290547, 0.5204439272165746]], "fy": 1981.9581406553873, "fx": 1988.4700532237666}, {"id": 101, "img_name": "0105", "width": 106